1.3779296875
4.376953125
4.7177734375
0.8564453125
2.7958984375
5.7060546875
1.5849609375
4.3212890625
5.1298828125
0.8203125
2.5712890625
6.08984375
1411.0
4482.0
4831.0
877.0
2863.0
5843.0
1623.0
4425.0
5253.0
840.0
2633.0
6236.0
1.7077076171875
3.618724609375
4.45428720703125
0.74295078125
2.729637890625
5.94930224609375
1.4863958984375
3.5873646484375
4.4592349609375
0.62289775390625
2.43105576171875
5.968671875
17486926.0
37055740.0
45611901.0
7607816.0
27951492.0
60920855.0
15220694.0
36734614.0
45662566.0
6378473.0
24894011.0
61119200.0
